25
143
14 23 364
23 19 188
17 16 159
10 20 652
16 6 855
21 12 395
2 4 272
16 23 55
17 6 380
20 13 365
24 18 736
3 4 967
21 10 92
5 7 794
19 8 901
10 3 278
13 24 967
5 13 862
3 15 326
7 17 876
6 22 935
22 7 399
6 2 674
2 22 881
21 24 800
12 18 786
11 12 364
19 4 154
16 12 876
18 5 265
5 0 46
21 18 718
2 20 631
17 9 797
4 9 45
9 0 455
18 2 254
8 9 860
8 4 673
0 18 912
6 14 982
15 8 979
2 17 951
13 12 805
0 13 839
23 6 29
14 18 156
24 7 809
0 15 908
4 11 687
7 20 495
2 3 87
5 10 253
17 5 490
2 9 580
24 17 737
7 13 796
20 9 792
17 1 29
2 24 100
11 7 181
11 18 813
10 16 461
16 2 168
11 0 262
12 19 858
3 20 427
15 10 917
1 13 216
5 2 720
2 19 560
18 17 886
7 10 74
4 14 403
21 11 795
7 6 532
21 8 491
0 1 843
0 2 347
13 23 279
4 16 531
23 11 198
23 17 341
8 20 240
11 17 857
5 12 295
7 3 337
13 15 218
12 6 547
21 13 461
9 10 929
12 3 981
18 7 378
24 23 171
1 9 302
3 22 686
15 20 359
1 16 77
18 3 100
10 19 783
11 1 314
21 2 80
20 1 149
7 9 806
0 23 499
23 4 728
12 15 349
0 7 241
23 3 147
9 3 357
14 19 29
7 12 201
13 4 577
17 10 671
12 17 277
6 15 266
17 15 430
1 2 326
6 9 710
15 16 791
10 18 236
6 24 979
8 1 580
23 18 371
15 9 803
22 4 197
11 13 41
20 16 671
3 13 872
12 9 876
0 22 94
4 1 791
22 1 275
23 2 291
15 14 484
22 15 389
3 5 699
7 1 310
9 19 266
0 14 832
16 19 704
12 22 274
22 24 93
